BONAWENTURA.

60 G. atomkankowo 1001 06 1111110 Η
11111 po 6. 1111 1160 111. 0, 06 f. 60
piiij. 1111110110 011011 1111. 111060111-
tuin 11110, 1011011 111 11101111 J. ,11-
6110111111 11111100. S, - 000111, S. 0111-
011111 1110110 ,1111 8116001110

11ἰο11610 11111110 0101000101οε Zmint
27. 1001 29. Ζ11111011 34, 1101161010 33.
20111111 191 80. 10078. i 79. 61111111
86. 1011611010 85. 71111111 123. 1011124.
Zmint 1271011427. Zmint 154. just
51. 61111111621011 162. 60111111 170.
just 107. 1011101176 just 177. Ζο111111
177. jen 17. 61111111 192. 1011 62. -· 0110-
101111 11 1111110 (nt 0111 6111011111
1111011101 calo 6111111010 11016111 111 01
kat-neh: 3110100, 10111 1100111101 1110
11711111) 1111 1111111111·
pu. 155. 'Zdiqeioz 111111. 1110161 110161ῗ
m, 11601111110110101 po pmdmowie‚
11 1011111101 1101101101, 01011610 111011
11011111111111. 81 0111110011 7 v.‚ 10,
12, 14 1., 22, 231, 251, 27, 36, 37,
38 1., 40 1., 42, 45 1., 49 v„ 521,
55, 57, 60, 640, 67 v.. 70. 71, 73,
75, 761, 77 v.. 831, 88, 90, 91, 97
1., 105,106,109, 112, 1121, 1141,
117 1., 119 1., 121, 124 (reete 123),
125, 126 1., 128 1,, 120 1., 1321,
135, 136, 137 1., 138, 198 v, 139, 154
1., 157 v, 163, 164, 165, 165 1., 167
1., 16191701721, 1751, 178186
1., 1 .

0111 30011. 01011110 111011 w przedmowio:
11 11011 8 1101111 1111010101, 111110 na
0001111011 110 0 11111011 1110111011, 361
1111011110ιο 11011110 Κ, nt 10011111 111011-
0101 1 6113101 111131 10111111 1601110, 111·
310 1 1111111ος 11010111 11001010111010
111131 11001011 P. 01100111 101 011101 11-
10101111, 1 0 1111101110111110111011, jod-
111 06 1101111030 M. 16111, 110 1111101·
11 111011 1101101010 0110111011 1111111111το
111030 1111111011 111101101111, 1 praed
nim 1011 1 01001111. - 1111111, u 3611
11101110 111 1111601101, 1111111 11 11111011
110110110101 1110611011 10 111. 0611.
,Ρηο611011“, 111. 31. ,10 1111011111
Jezuoow;‘¹ 1 1011010 001111 na 1. 0611.
,21101 1111110111 1111111“, na 1. 31. „sba-
11111011 1001030“,- 1110 111 1111100161,
110 1106 11161 1110111101 1111 1011101010
1111111110.

011010 1061101010 na 111131; 1101111 11111110,
111 111110111ρί1, 161061. 1. 601, 681.
36110 w 161 11011101 10011 0010011111010
111131 11111110. 1111131611310, 1111111111
napis 11 k. 69. 0111311111 (10 1. 162 v.
36110 1 601οε ,1)010111111110111111 611-
310 1111131 1110010, 161 061. 163. 1111131
611011 111 11 1011111, 1011111111 11110,
1 1111100 0101110 amomis. 1111131
11 ma 11111001 60, 111111 21 111 ich

=
Ι

BONAWENTURA. 253

106,, 111131 1110011 1011011 111 11011011
22. 3111111110 1016111161 11101110131-
611 111 1 1161111011 19101011 1 1. 1522.
’101111 0111616011 116111 161111 111106-
111011110 mk w 1010616011011 1111011011
111 1 w 1111116110 16111. 1106111111 110101-
611110011 1101010110, 11 w 01116111 1161-
111011 10 same, z 11 1610101, iz 1106111111, u·
11100101001 w 1161111 11101011 11 k. .
Lxxxxss verso: ,0111101010 Krynte
01100110110111110111“ 11. d. w 10111 11-
611111 11 4101011 dopiero 1010161111011-
11110111 1111100101οη1. 1111110111101110 16
inice 00 601011101110, 11 w 1161111
1111010111 010111 10010 1110111, 1111101101οε
Ρ11310 lingua, 1101601100] 111 w 116.
11 410 101. Ι60 1.(1161111111116111111 1
116 17101011 11106 1016111101 6011-
1011010 3101111 0111010010 1011101111-
1111001 111 11011111 Κ11110 11011111Ι 11-
110111, 16111101Ι 1111110110]Ι 1111111111-
cej 111. 160 v. ,1101111110311 prodeunt.
161 1101011110 proporco‘. Nie 101 w 1116,
Wietora 1101010111111101110111111, 1111011-
01001011 1 116. 11 410 11 1. 171 1110111111
110111111001 sig: 1701011111 6110111-
0111, 1 t. d.‚ drugiej: 11110110 int 11111-
11101 11111 it. 6., 11100101 Regina 00011,
11161011 1101110111 1 11, 0111111011 ’1111
marie possly 610310 11101110011, 11610 to
1110111 1011111111 1116 w 116, 11110101111106
1016111101 Ρ111 301111 1111030 611110 1
101010 w 110110 1111110110 k. cxvu. Tot
,Ρ10110111101111 1 11011011111110111 11
1110001111 11; 1111101011 1011611011 111111
1 t. d. (w 11611 4to 111 1751110101161-
10 111 1 116. 11101011 36110111110111101-
100 10 1. 0111110101 10161.; ,101111 111-
1030 110611010 1111001001 610111 11111030
zeslanie!⁴ 1110 mn 11001010 (1111116011-
01011 w wyd. Wietora przed 10161.; „Pan-
110 Μο11011111010101111110110 1 CXX. 1.)
najprzdd: Spolek 1101101111 01111 11116
11111; 11110111 w 110311 t. 6., 110111 0 fi.
duchu: ,6011111 10011 6101111 1111111
1 t. 6., 61131 Veni 0101101 Duehu 111111,
11610 01106101 4011111176. 1177.
Na 1. 190. jen: Ρ101 ο 11103001. P. Μ.
Aue 111111 16610111 31111110 110111).-
Litory 11011011 11010, 0010160111011111
1 ich 11101100 6111011. 111 111010 190 v.:
· 616 11011 ka: 21. 0 11 1. 193. 21111011

· ka:22.

00 6ο 111111 1611101111601101 400 06
061011 10101010 tem, 10 111110 111111
1111111 0110110010, 11610 1 11611111 1
400 101111011οι ku 11101111 1 1061011
1111101 do 111010. 00 6011101111 Wydanie
w 400 111 11110110 11111001 00, 01111 1111-
111110,οα110 111111; 601110, 111116,1-
011111116, 11111111 6011101, 1111101, 1111101101,
111 1161110 111110. 11161110 to 110 111.
11011010 ani 1 111 a. Ρ11 663 1110101111·
11ι 1110311. 6.

 

