BIELSKI.

003030 3001 101030, 0001100100, 001000-
101100.

1103100000 10 30100 01103000 00 81133100·
011030, 011. 245. (013031 003010100οο3
Κ101001001103) 31010 00 031310 0013
11ὶο0100110 „Tu 101 opimio (11100110οἰ10)
r. 1205 01010000 0130101100 30013000οἰ0
11010010 1100011030, 000. 29. fol. 114, 0

. 0300003 001 0001 0100010001110000. 15.
101. 83,1010 1103. 101 106011 Eodem 10·
men 0000 Ρ10100101 1110001 101100 1100-
0100 vastarunt 010. 11000110 10301 1010
Ρ100000101 11100 0101010 11001101010311
01 101477, 010 01 372. 00030 1011000-
1100 1 3101001οε 0 0103010 libro Chroni-
001001 00000100 editionis f. 241. 1000-
100“. 1110 10000 001011001οἰ, 10 01133100-
01103103010 11100110 801010, 0 116103
31010111 001101οἰ1 030103 0 0000001130
01000 0101110 01011003, 1000 010 01010100,
11610 013030000031300100 11030. W 0·
13031 1001001 1. 1554. 00 101010 215,
11610 031030 8033100011, 10103000 10 010
00031030 010, ,1001 13110 00 103 101010
verso 0 00101οί01 01010001010100031000-
11100003 110113 246. 1010 000110011οε ,10-
0001030030 0 Ρ1003 3 0 101100, 1111103
1101 0 Ρο100031010030 001010 00300011
0 1103303 011003 1100110 Ρο10100....“ Ale
to 00000100 01010110011011010 1121. 010
001 1011010 1103. 301 0100 8113310οι11.

0011100000οί1. w Wyd. 11100111100011. 111010.
xxxa-xxm. (0 Β111. 801101011030).
- Ρο10101011 111111101118200. 0. 186. -
11101011000111. 144.

Akad. - 0111001. 0 800οο100011. - 0001·
101. - 0010100030. 111010. - 010-
3101. -1031011, - 1111011. - Krasifis. -
Warsz. 0010.

- 11100110. 110 10011, Η1010130
001011 nh 00010 010100, 0011003110-
0110110, 10010101000 010010111301 Hi-
storyk0w‚ 101 0 00101301 0111010 1100-
11130101110, 0310001101, 1010 y Ρο31ι1-
01101, 0311101100 300 10Ιο1110031 wy-

010100 001110110010103011 0101003, 0
0103110110 01010 100003 nowych: Od
00010110 001011, 101010301010, 110
13010 01000 1564. 0113010011 0010101·
03111111 y wliiasdzymi. [11011ζοάοῐο11110] 310810-
1003301300.Γ 113111θ 01 0111131310 013ἶ
011030 1564. folio k. 6. 1101όο 467.
3030011 10118. 010010001001101. 1.

Wiersze k. 1.

Τ3101 101010 03013 3001 w 010000οἰ0 110000
131000 0000 0 Η10101310010103. 110 01-
010010 131010 01001 00101101015001100
0110311001. - 1101310030 10 Ζ33100010
Augusta po 1001010010 10113. - 00103

mem. 87

1 10110 01001000111. 1110Ιο11030 010100-
0030 0103 01010, 01101 101010. 1003103
0101000,1 30110 jugo: Ρ100010 01001010
1000100 010. 110 01010010 1100130131 01001-
0100103003 01οο10001 11030. 110103 11010
l. 1.011),; Ρο00300 0101100110 0003111- i
11030 001010. 110103 11010 101101 0100111
13010001 00 0 01303101. 1554. - 01
101010 193-239. idq 101031 30101 1000
8010310100 0 01000οἰ0010 10101010 1100101-
011011030 00 0000100 Κο110. Aio 00101
131 16100010100, 0100 1 101010 1110Ιο11030
00 1011011310 01100001. 110 111010 241 01-
00100011 810010110130 100 1010 1563 1
001010 1310001110 J . B. Rzocz 0 8100101101-
30030110030000311010 01 1. 242-258. -
01 1. 262. 101031 V 0 1100100310011103,
0 mapa} 101010 0101. 1101031 VII. (hist
317); 00000110 11101001οἰ0. 11101010
332. 00 1010103 0010000 Ρο0010100 0000100
1010011030 0 1001101010 1462. 1. idq
1010 10113 010110010000οῑ ’1100101101
00 11001010τοί0 0103 10100001303 00 10310-
01110 1110100111οο 1310 001000οἰ0 1101101·
0100 0100010 1111100100 0010110100 ο 0001-
101 albo 11000101 010011 053 131 10 1100-
003 0016000 0 03000101000 0 1010 110-
1όο 00101101. -· 0111010333. 101031 VIII.
lironiki: 00010110 11161οο1010 1100110,
Το 01 11010 338. 11010 1100110 B. Wa-
000011030. 1101. 421. 8131001. Augustus,
130100 3030 0 00103 0001001 0 1. 1563.
01000101οἰ01 10 130103 233101. 00101-
010 401. 0 10100011 0 11011110. - List
426. 100 101031111. 0 1101101010100 0 00-
101010 000110001110, 01 10 1001101563,
1111030 0011101 w 00103 0001001 00 01-
010010 11010. 110 111010 410. 300113010οε
011030 00011000110. - hist 410. 0110101010
00 1101031 X: 00300001 1001011011. 01
11010 162 010. 0 000101101πί0 0310001110.
[101166. 0 11030, 1000300100, 10130103ἑοί0,
O 0010301 1010. - Ρο 1060110300110011,
00 011. 1110000,3001; 1101010 310101110-
01000010 00310ῑο11001. Tu 010 00010010-
111010, 30101153 00 10010 010 00103111 hylo,
,101110 0001 0 010110 010 010 01000 30100
00 0 1001101110 00010000“. - 0001010,
iz m6giby 3000000 001 o 1101001103 010101
0001001, bo 10 01000 10010101000100
101οο3011 011010, 1000 1ο 0010000 100ιο
011010οο010, bo 10030 1010 0 110113 030110-
1100, 101 it 100000 010 301010001011010·
010 00 010 0 0 1030003 00 01010100. 110
01010010 103 10113 3001 01010οε Lectori
1111000100 31010 01001ι ,310110 Volsci
00100010.“ - 110010011010110 100 wierez:
11011003 0100101011 1001000100 00310101·
11001. Na 010100ἰο 010100000100010103·
000 1 101 11010 (jak 03103). 00101010
10110 100103 30110 1010301111 003110 MS.
11030000 001010 13110 do kroniki 0361003
1001011103, 0103 3031001103, 00001103, 110
0110001103 1 10110 00 1100310101 010100

 

